# Adversarial Optimization Log
# Started: 2025-12-01T16:19:27.427
# Max iterations: 50
# Population size: 16
# Number of parameters: 60
####################################################################################################
Iter     Badness      Compliance   Frac         Severity     Gray        
----------------------------------------------------------------------------------------------------
1        0.341857     2.892346e+00 0.194167     0.287867     0.169485    
2        0.341857     2.892346e+00 0.194167     0.287867     0.169485    
3        0.341857     2.892346e+00 0.194167     0.287867     0.169485    
4        0.341857     2.892346e+00 0.194167     0.287867     0.169485    
5        0.341857     2.892346e+00 0.194167     0.287867     0.169485    
6        0.341857     2.892346e+00 0.194167     0.287867     0.169485    
7        0.341857     2.892346e+00 0.194167     0.287867     0.169485    
8        0.341857     2.892346e+00 0.194167     0.287867     0.169485    
9        0.341857     2.892346e+00 0.194167     0.287867     0.169485    
10       0.341857     2.892346e+00 0.194167     0.287867     0.169485    
11       0.341857     2.892346e+00 0.194167     0.287867     0.169485    
12       0.341857     2.892346e+00 0.194167     0.287867     0.169485    
13       0.341857     2.892346e+00 0.194167     0.287867     0.169485    
14       0.341857     2.892346e+00 0.194167     0.287867     0.169485    
15       0.341857     2.892346e+00 0.194167     0.287867     0.169485    
16       0.341857     2.892346e+00 0.194167     0.287867     0.169485    
17       0.341857     2.892346e+00 0.194167     0.287867     0.169485    
18       0.341857     2.892346e+00 0.194167     0.287867     0.169485    
19       0.341857     2.892346e+00 0.194167     0.287867     0.169485    
20       0.341857     2.892346e+00 0.194167     0.287867     0.169485    
21       0.341857     2.892346e+00 0.194167     0.287867     0.169485    
22       0.341857     2.892346e+00 0.194167     0.287867     0.169485    
23       0.341857     2.892346e+00 0.194167     0.287867     0.169485    
24       0.341857     2.892346e+00 0.194167     0.287867     0.169485    
25       0.341857     2.892346e+00 0.194167     0.287867     0.169485    
26       0.341857     2.892346e+00 0.194167     0.287867     0.169485    
27       0.341857     2.892346e+00 0.194167     0.287867     0.169485    
28       0.341857     2.892346e+00 0.194167     0.287867     0.169485    
29       0.341857     2.892346e+00 0.194167     0.287867     0.169485    
30       0.341857     2.892346e+00 0.194167     0.287867     0.169485    
31       0.341857     2.892346e+00 0.194167     0.287867     0.169485    
32       0.341857     2.892346e+00 0.194167     0.287867     0.169485    
33       0.341857     2.892346e+00 0.194167     0.287867     0.169485    
34       0.341857     2.892346e+00 0.194167     0.287867     0.169485    
35       0.341857     2.892346e+00 0.194167     0.287867     0.169485    
36       0.341857     2.892346e+00 0.194167     0.287867     0.169485    
