# Adversarial Optimization Log
# Started: 2025-12-03T12:56:43.465
# Max iterations: 50
# Population size: 16
# Number of parameters: 60
# NOTE: 'Badness' shows current evaluation, 'Best' shows best-so-far (monotonic)
####################################################################################################
Iter     Badness      Best         Compliance   Frac         Severity     Gray        
----------------------------------------------------------------------------------------------------
1        0.340657     0.340657     1.375860e+01 0.194167     0.287306     0.165731    
2        0.343348     0.343348     4.014298e+00 0.187500     0.294057     0.165512    
3        0.346540     0.346540     4.078570e+00 0.212500     0.282179     0.178984    
4        0.338228     0.346540     2.108159e+00 0.204167     0.277659     0.172170    
5        0.337160     0.346540     3.918351e+00 0.197500     0.280909     0.167165    
6        0.401374     0.401374     6.619160e+00 0.295833     0.290976     0.251303    
7        0.357170     0.401374     3.129727e+00 0.210833     0.295566     0.181921    
8        0.416889     0.416889     1.544086e+00 0.288333     0.313843     0.252406    
9        0.457123     0.457123     8.004146e-01 0.376667     0.303777     0.317171    
10       0.412278     0.457123     9.572045e+00 0.312500     0.292867     0.264925    
11       0.371342     0.457123     5.895649e+00 0.240833     0.291846     0.207663    
12       0.348210     0.457123     1.485304e+01 0.184167     0.302036     0.164576    
13       0.327116     0.457123     2.656989e+01 0.189167     0.274707     0.158415    
14       0.356657     0.457123     1.279666e+00 0.218333     0.289971     0.186734    
15       0.341995     0.457123     2.669027e-01 0.217500     0.289286     0.189750    
